35010,579,AGCRAN86112920M100,8,1
34689,560,ACPCMY85012420M700,9,1
33320,577,PRARCR37072420M500,11,3
3733,558,ALSNSR83022620M200,14,1
33710,574,AGVSRN82090320H900,14,1
769,578,PCSLDL96031120M800,14,3
34641,578,HRMSGL89032020H300,15,2
34594,578,HRMSGL89032020H300,15,2
34262,578,HRMSMG84102620H100,16,2
872,578,HRMSMG84102620H100,16,2
628,551,LNLPAN60072620M600,18,2
34744,560,GRLPJS47092620M400,18,2
3462,565,LPMREL48111320M001,19,2
34707,576,GNDGGN89082820H000,23,2
33929,557,AMGRTM58111820M200,25,1
34012,579,ALHRIS69070820M100,26,1
34669,559,ALBTVR72121620M200,27,1
34804,560,LPVLJL64031020H800,28,3
774,578,HRPNHR87122620M000,33,2
3758,558,APDMEG50071320M400,34,1
34126,573,ANPMSN75080820M100,34,1
755,578,HRPNAL91030420H800,34,2
4086,553,HRMRLN56041120M000,35,2
6162,562,ARMRHR59102820M700,38,1
34559,578,HRRMDL90020620H000,42,2
5516,566,ARCRLS98052220H300,43,1
34562,578,HERJ970617HOCRMN07,43,2
34000,579,MRDLLS96073016H800,43,2
6175,559,AMPRAR73061620H800,46,1
6176,559,PRCSRF34082620M100,46,3
33220,564,MRJCCN66031120H000,46,2
6177,559,AMPRGL70091620M200,47,1
1006,566,ARRMLR731111420M800,48,1
4370,569,MTLPIN62012320M600,48,2
33859,557,MRHRRB61122620H100,49,2
3418,565,AVBLTR57061620M000,52,1
34285,578,AMSNTR58031120M700,54,1
33887,567,BTORSL72012320M700,56,1
34225,553,ORJRAN38091620H300,58,3
34599,560,GRPRJS77041720H000,60,2
34858,564,MRPDEL45120920M700,62,2
34190,578,PRMRGR63102420H200,62,3
34271,578,PRMNCT84042920M500,64,3
831,578,PRMNCT84042920M500,64,3
33263,562,BLXXAN29061320H800,65,1
968,578,PRMSSN92092620M100,66,3
33279,561,lO,67,2
33769,579,MRFLVC94120720M900,67,2
34226,553,SILVA,70,3
34227,553,ORSLIS72102520M300,71,3
34229,553,ORSLAN71053120H200,72,3
3977,557,MRRMRS59060620M500,76,2
277,561,AVVLMR89072020M000,76,1
33839,566,MRVNMR42071720M300,77,2
33795,579,MRGRJR94051420H500,77,2
34856,564,MRVZLB70013109M000,78,2
820,578,PRSNIR52062820H900,78,3
3444,565,BRMRGB69031520M200,79,1
34602,560,MRXXCS51030420H600,80,3
827,578,JCRMHY78111120M200,80,2
34250,578,PRVSSL48121820M600,80,3
34854,564,MRVNLR5011420M700,81,2
750,578,JRJCZR94050520H800,84,2
35135,563,MRMTJN84062420M400,85,2
4368,569,CLLYNN96112220M100,85,1
6161,562,MNHRBS95082120H700,87,2
801,578,JRPSIS68051520H300,88,2
6158,562,MNHRVC77011820H402,89,2
34022,572,CRMNAN79061520M700,89,1
34265,578,ARMRCR46071620M700,89,1
885,578,ARMRCR46071620M700,89,1
34598,560,RVHRXC82090420M400,90,4
34853,564,MJCSEV91062020H200,90,2
858,560,GYMNLR70081020M900,91,2
4366,569,MNXXRB69020420M600,92,2
3771,558,CSMNHR59032320M900,96,1
34975,575,BRGRFR86082520H800,98,1
34969,575,BRGRJN85031320H300,99,1
35163,575,BRGRKR89070820M400,100,1
34662,560,RDJRMR91090820M80,101,4
33886,560,RDJRMR91090820M800,101,4
838,578,JMXXCC50112220M800,105,2
33262,563,CBJLNS50022620H501,109,1
33837,565,CSGRCR94030120M700,110,1
823,564,BTGZSL65070520M700,111,1
34244,573,ORGZSC59040220M200,112,2
3554,558,CHMNVR92102320M900,115,1
1056,554,ORSMCN41121220M500,117,2
34695,561,BSCRAN78011220M800,117,1
35113,552,BRMRGD84112320M900,118,1
6136,564,BTVLRS54061020M300,118,1
809,578,BRRYDR94110520M500,121,1
34739,560,ARMNAL91042020M300,125,1
599,578,RMGZFR82011820H201,127,3
2603,561,CBVLMR73051720H7000,128,1
808,578,RMHRAS81081520M800,129,3
34241,578,RMHRCM71071820M300,130,3
4096,553,BRTRRS89080720M701,131,1
35056,564,BLVLS360081120M000,131,1
839,578,RMHRFD83042720H500,131,3
3743,558,MRNRMR90021020H200,133,2
33341,577,CBHRIS73022520M400,133,1
34216,578,RMHRMR75043020M100,133,3
34221,578,RMHRMR75043020M100,133,3
3745,558,MRNZGL62072220H900,134,2
878,578,RMHRPT68111120H700,134,3
35051,564,CBBOR86041220H900,136,1
33307,561,MO,137,2
6137,564,MRCREL50091320H300,137,2
4373,569,MRLPEN27121220H900,140,2
34595,561,CNMRMR80051720M600,141,1
34699,560,RMXXAM50071020M800,142,4
33270,562,CRHRGR62061520H001,144,1
35072,564,CBCBRY59070420H400,144,1
34563,578,RMLPMG63052920M000,144,3
34772,560,RQRMMR72070620M500,145,4
34777,564,MRRJAN94062420M300,145,2
34238,578,RMLPWN47122820H400,147,3
33319,577,CRXXJS45071920M400,148,1
4312,570,CRGRGL47021020M900,150,1
1882,575,MNGZCL81072720H600,152,2
2841,577,CSCRER90072920M100,153,1
3739,558,ORLPSH89042420M300,154,2
34140,573,PMCLFL50121720M600,154,2
33236,562,PDBRGB87111920M200,155,2
33301,561,MNMRPS67032630H200,156,2
35049,564,CBMGFR37100420H000,156,1
973,579,MNJSGR59031220H100,156,2
34604,560,BLRYLS840611020H900,157,1
34761,561,XXCRAN71021420H500,158,1
35084,564,CBSTAR43012420M100,159,1
34692,560,RZMRRY72053120M000,167,4
33342,577,LPHRNV66080520M900,167,2
970,579,MNVZAD91071820M600,167,2
33242,563,MZVSAN58032414H200,168,2
929,579,MNVZNH85030120H400,168,2
4063,552,CHIGAZ64101020H600,169,1
34686,563,CRJMMR67070320M601,170,1
33900,560,MRRDAQ72120820M700,172,3
34666,560,MRRDAQ72120820M700,172,3
33261,563,NVSNFR38071520H701,172,2
2801,570,CRVLJV82060920H200,173,1
3464,565,PRLPLY66030405M300,181,2
33652,559,RYXXJN77033020M700,187,3
6160,562,PRMSRS94031620M00,187,2
33227,564,CSXXEV33122620M800,188,1
3475,557,CRMRJL63041320M900,190,1
152,558,DLCRNF86050220M400,194,1
4054,552,CNSRCN62020320H000,197,1
4078,552,CRXXAN51051520H300,203,1
3488,554,QNGRMR46012020M600,203,2
897,560,HRLSSL43121820M500,204,2
34740,560,HRJNER70110720M501,210,2
33237,562,PNMRSS72081020M900,210,2
34280,578,RVAMNR79120820M700,211,3
34949,564,PCSNTL48010520H600,212,2
34278,578,RVAMRC78030520H400,212,3
4094,552,CRCRMN38061620H500,216,1
34798,559,CLVRMC74071020M500,216,1
34124,578,RYGRAN43080220M400,216,3
34639,560,HRAVEL620823220H301,218,2
34784,561,PCXXLR29040720M700,218,2
34601,560,HRAVGB62102620M900,219,2
33313,561,PO,219,2
756,578,CSCSAM89082620M900,219,1
810,578,RYXXLC47092320M700,222,3
4057,552,CRGRFD62071820H600,225,1
738,578,LPHRBB91120220M100,225,2
34809,560,SNMTMR55071520M800,228,4
35020,575,DLJRL86052320M200,228,1
33283,561,PCRZMX65070820M400,230,2
830,578,RYRYAS67120520M100,230,3
34951,564,PLRJMR33012420M200,231,2
33247,563,ESCVSL57110320M700,232,1
33418,567,GYSRRS74040220M700,232,1
811,578,RYRYVR72081620M501,232,3
34633,560,HRDRDN95122720H200,236,2
1768,550,JRGRSL73051420H201,237,1
34628,560,HRDRES76101320M800,237,2
752,578,LPHRJR81022820H800,237,2
34636,560,HRDRGR89012320M800,238,2
6188,564,CRCREL40041520M700,238,1
34802,559,CRLPCR67110420H100,239,1
33662,559,LPLSIV8808142OM900,239,2
4074,552,,240,1
34805,559,CRLPDM73080420H200,240,1
33317,561,PRMNRS49030120M300,241,2
4090,553,LPRDRY74053020M201,243,2
6134,564,CRMRVC45030620H700,243,1
34268,578,LPHRUR87052520H800,245,2
34289,578,RYPRJN66122020H000,245,3
33239,563,RMXXCC54082020H400,249,2
33763,579,NCSNFR68012620M300,252,2
6186,564,CRCHCL72041320M401,253,1
34729,560,MNCRJN86122320H400,254,3
34657,577,MRHRNZ85061220M700,257,2
4072,552,,259,2
34818,560,MNHRAM69072620M800,260,3
6203,564,CRJMAN35111120H300,265,1
6154,562,GRVLSN89112120M200,266,1
907,560,HRHRFL65101620H100,267,2
848,579,FGXXBS62061420H300,268,1
34632,563,GRLPEP58071220M500,269,1
34347,560,HRHRRN57052620H500,272,2
33346,577,RZVLTR55092720M400,272,3
3975,557,RYOLEL39092420M800,273,2
34709,563,RMOTAL79060520M600,275,2
34796,559,CRMRBN68062820M200,279,1
2055,562,RYOSZN87101120M500,279,2
3448,557,GRCNAN6110022OM700,280,1
34622,560,HRXXJL38021620H600,281,2
34993,574,PGRMIS31010920M600,284,2
33862,557,GRGNEV66032720M300,285,1
33852,557,GRHRER97081420M300,287,1
3772,558,RSJMBR64082020H600,288,2
34156,578,LPRYER80071020H000,288,2
34732,560,CTCLMR74060320H500,289,1
33970,565,GRCRMN69021620M500,289,1
34570,579,FLMREL74052620M600,289,1
33804,579,FLMREL74052820M600,289,1
3730,558,GRCSAN44100220H700,290,1
34656,560,HRLPCS59050820M500,290,2
34245,578,RJVLAG53030220M700,290,3
3060,558,RSPBGR63091420H501,293,2
34782,561,RMCRLB57081720M200,293,2
34705,560,MJXXFL41031920H700,294,3
4321,570,RO,296,2
902,560,CRHRAM71071020M500,298,1
899,578,RSHRAR85030120M100,302,3
288,580,QRVLLZ80100809M900,302,2
35138,563,GRSLEM70080515H600,304,1
6138,564,RMAMRD89090420H500,304,2
35144,560,CHCNSL74122720M200,305,1
1607,555,RZACAN77092220M000,306,2
33288,561,GRLPPB39060720H400,306,1
34675,575,PRSNAN54111120H500,309,2
34774,559,CVGMRS72102520M300,310,1
2613,551,,311,2
34133,579,PRJRAL85091620M000,313,2
3729,558,GRMRRM52020720M500,314,1
796,560,HRMSJC71091120H000,314,2
3767,558,GRMRSF78091820M400,315,1
3564,558,GRMRSF78091820M400,315,1
6181,564,DZGNCR5812063OM301,315,1
34136,579,PRJRSL93062620M500,315,2
2633,551,RZMRFS62081320H000,317,2
33255,563,RDGNGR5510033H900,329,2
34906,575,GRMRCR33110120H000,331,1
34974,575,GRMRCR33110120H000,331,1
34730,565,SNMRES93012920M200,334,2
34723,580,RMRSRD47051020H100,334,2
3742,558,GMMREL68021420M901,336,1
35087,563,RDRSPT62091820M300,336,2
34768,559,SAJA921113MPLNMN06,339,3
34965,575,GRSLAN59072220M800,339,1
34898,575,GRSLAN59072220M800,339,1
34964,575,GRSLYL64061520M100,340,1
34894,575,GRSLYL64061520M100,340,1
239,569,HRPFMR77100620M400,346,1
587,577,GRLZDN83100209M000,347,1
2632,551,HRARRY68040320M300,348,1
3765,558,SNHRTR54051920M900,349,2
34615,561,GNAVAG48082816H100,351,1
33253,563,RZFGVC59032520H400,352,2
34680,580,RYDMES79061020M500,353,2
33235,562,HRJRST64042220H700,354,1
34676,576,SRRZEL83061020M600,358,3
33842,557,TRANCL78053120M600,362,2
34191,561,RJMGLN89121920M800,363,2
778,578,SLLPGB74101920H200,363,3
33915,557,HRAQGX97010120M300,365,1
4068,553,ESMNRF29070420M700,366,1
34654,560,NILPRS51071020M000,368,3
33890,567,LCBTMS95042520H800,372,1
6144,562,SLPCJS60070120H700,373,2
33898,567,LCORAN81081420M700,373,1
33884,567,LCORJN72012020H000,374,1
34243,578,SLSLGR49040920M900,374,3
33873,567,LCORLR73040920M101,375,1
33815,579,GRMRGD70061320M600,378,1
34575,579,GRMRKR96080120M100,380,1
33783,579,GRMRKR96080120M100,380,1
6195,559,FLHRIN78042020M601,382,1
34200,578,ESCHEN62062020M800,383,1
4099,553,FBMRKR79080820M200,384,1
6194,559,FLHRZT79042720M700,384,1
34792,560,CRGTAL87032720H200,384,1
33863,560,CRGTAL87032720H200,384,1
563,565,HRMGEV91121820H700,384,1
34186,578,ESSNAR77031120H100,384,1
6164,562,SNBRAL81072220M000,385,2
4100,553,FBMRVL74012120M800,386,1
33855,557,HRLPGS66090520H401,386,1
34612,561,GNPRLS54101916M100,386,1
33282,561,RZPCSR86110820H400,386,2
6163,562,SNBRPM89072620M400,386,2
34040,572,WNRYAT35080515M800,386,2
861,578,MRCRPD42071420H200,386,2
34817,560,CRHRMR38100720M700,387,1
34131,579,RMGMMR86011520H100,387,2
33841,557,HRLPMN89020420H00,388,1
34663,560,CRJMAN91070520M900,389,1
33856,557,HRMRLS76011020H701,393,1
33849,557,HRMRLZ69110120H300,394,1
598,564,GRLPMR77041320H200,401,1
34224,553,SLAGIS47070220M700,405,3
3413,557,VSHRCR61071620M100,405,2
34160,578,SNCRDL77120220M700,413,3
4071,553,STJRCR74111520M900,414,3
34175,578,FLRYVR87011320M700,415,1
34725,560,JMGRAN69072120M200,417,2
34248,578,FLRJHG89100415H500,417,1
34932,564,SNESVL72051020M800,419,2
34287,578,MRMTRCS92010120H700,420,2
34658,560,JMHRAN81110220M700,421,2
33894,567,MRYLLS9210023H900,421,1
34779,560,JMMRED81102320M400,431,2
3766,558,VSSNJN93091420H000,432,2
33321,577,VSPRSR76100820H600,432,3
34637,578,GRCRGL84031920M800,433,1
1741,578,GRCRGL84031920M800,433,1
1884,578,GRCRGL84031920M800,433,1
34687,560,PCHRJS46111620H301,434,3
772,578,MRRMCL94040312M600,434,2
33234,562,JRXXJN34053020M900,436,1
4097,553,TRJRAN65100120M800,437,3
34163,578,SNLPCR82052909M700,439,3
770,578,MRRMYS96011312M500,440,2
33846,557,LPAMRY94020420M600,443,1
601,578,MRSNAZ99082820M000,447,2
34778,561,SLGRAM36020620M600,448,2
35133,575,HRSNHR45031920M500,448,1
34620,561,SRHRFR43082420H400,452,2
33306,561,SRHRFR43082420H400,452,2
33417,568,SNPGLZ5706050M300,454,2
1044,556,OLHRGV85022420H300,455,1
34356,555,WSWGCS3112321M700,456,2
34927,564,SNRZFL41110120M500,456,2
857,578,SNMSEG74010420M900,456,3
807,560,VSGTGN96060720M500,457,4
852,578,SNMSIN78092220M200,457,3
34237,580,SNMRAR52122320M200,460,2
4308,570,ZRPDRF72070420M600,462,2
34017,579,GZALAN95122420M000,465,1
34352,554,MRCRAR43051720H500,466,1
34822,561,HRRJCR73120520H100,466,1
6183,564,GNTDCR31110430M500,468,1
34665,560,JRXXES48080320M500,471,2
33896,560,JRXXES48080320M500,471,2
34664,560,DVCRES78100320M400,472,1
33895,560,DVCRES78100320M400,472,1
33903,560,JRXXEG67102820H200,472,2
34667,560,JRXXEG67102820H200,472,2
34366,556,MRRZNR53052415M800,473,1
34650,560,JRMRBR92081820H50,479,2
34755,561,HRXXXJL51062120H300,480,1
33229,564,HRARLS45080320H201,480,1
805,578,MNHRBL90072020H500,482,2
34272,578,MNHRGN71121620H800,483,2
34788,560,DZJMAM91111320M700,486,1
2858,561,HRGRMR9303160H800,487,2
813,578,MNLPEL37012720M000,487,2
34790,560,JRRDAN74090320H200,488,2
33879,567,ORHRGD52070620M400,489,1
34269,578,SNGREL50061420M500,489,3
33314,561,JRALER69051620H900,490,1
35052,564,SNLPR8403320M400,490,2
34753,564,SNPBLS81062120M200,492,2
34242,578,GRSLSR82032120M100,493,1
34187,579,RJMGIR85012820M100,494,2
34192,579,RJMGRY87010520H800,495,2
34635,561,JVLPL89020950H100,496,1
34556,561,JVILPL89020520H100,496,1
818,578,MNPRSL52082020M100,497,2
34764,560,JRSMEL75100320M100,498,2
34233,578,MNRMJL97011820M600,500,2
34960,575,SLGRCN39042120M600,502,2
34891,575,SLGRCN39042120M600,502,2
34775,561,VSPRGL85030320H500,503,2
34626,560,DRXXJN47100720M500,505,1
34631,560,PZVGGD88121320M900,505,3
34651,560,VLLPBN79021220M700,506,4
890,560,PDCRGR80062620M000,507,3
855,578,GYCRBL76112920H100,510,1
35023,560,LPAGAN79041120M100,513,2
3484,567,PNRSVR21052020M500,513,1
34923,564,SLSSKR88090320M000,514,2
34566,578,SLMRLS89070727H500,514,3
34194,579,RZSLGD84091120H700,515,2
33298,561,JMPCRD62072820H900,516,1
788,578,GYMNJL60121020M900,518,1
33936,568,VLMRSY65110320M300,521,2
1743,553,ZRRMJS46031920H100,522,3
1888,553,ZRRMJS46031920H100,522,3
34644,560,ESRDDR75061620H300,525,1
34646,560,PRGBEM77111920M300,529,3
34211,578,GYSNOM94062620H200,529,1
34558,579,HRRMAR91022020M600,530,1
6219,564,JCRZEF40032020M100,531,1
33889,560,PRHRAN75112720H801,534,3
1627,560,LPCHCR95060320H100,535,2
34767,560,PRHRCN59120820M200,535,3
33880,560,PRHRIR82091620M700,539,3
34661,560,PRHRIR82091820M700,539,3
34789,564,VLHRLT49010220M300,539,2
874,578,TRXXDM75072720M500,540,3
6135,564,JMHREV80052020M900,551,1
34257,578,MRPRAL81031920M000,551,2
6193,559,XXORCL50060320M200,552,2
34254,578,MRPRAN89072420H400,552,2
671,560,PRLPLN59112620M201,557,3
34920,564,VSCRDL86080320M100,557,2
34760,564,JMPRAR88073120M500,558,1
34738,564,VSDZDN97110620M300,559,2
6184,564,VO,559,2
6198,559,GNJRDL81072820M100,560,1
6185,564,VSDZEL88012720M000,560,2
847,578,VRPRGD78121020M200,562,3
34614,560,PRMNRF45083120M800,564,3
34812,560,PRMNRF45083120M800,564,3
33364,580,VLOLOL82121320M700,564,2
34762,560,LPLPJD92051320M000,567,2
34189,579,HRVSFB87071820M200,567,1
6170,559,GNURRS87050409M600,569,1
34736,561,TRJRMR73082920M000,572,2
841,578,VSGZAN88022720M200,573,3
292,574,TPMRFR89092820H100,579,2
843,578,MRLPJS55031780H501,579,2
836,578,VSJMMN89101020H400,579,3
290,574,TPMRMY86073120M200,580,2
815,578,MRRZHL92033012M300,584,2
850,578,MRVLAL91010620M800,589,2
837,578,MRVZFR88021120H100,590,2
34913,564,VLPRGB76050420H900,592,2
34905,564,VLPRPL77091520M700,596,2
34660,560,ZRCVOB70010820M401,598,4
882,578,HRARTR83080620M600,598,1
887,578,ARARTR83080620M600,599,1
34917,564,VLCRYN74042920M000,601,2
894,578,HRCRAR80041820H700,602,1
748,578,HRCHTC63092420M200,606,1
34892,564,VCGMOL63072220M800,613,2
34207,578,OJPRRN90082220M000,617,2
34888,564,VLHRJN80120615M100,618,2
113,574,JMLPDV59052120H300,618,1
845,578,VLPCIS58062020M600,618,3
34884,564,VLPRCN45021720M001,621,2
33940,568,LCORRS84071120M800,621,1
34901,564,VSCRRB90061620H800,624,2
34878,564,VRTRLS58100520H801,625,2
793,578,HRGYLL91110920M100,625,1
34909,564,LPPCFL47112320M701,626,1
776,578,VLCRJS83080420H700,628,3
34258,578,HRGRPD50020720H300,629,1
866,578,HRGRPD50020720H300,629,1
34236,578,HRHRAL51041820M800,631,1
833,578,HRHRAL51041820M800,631,1
743,578,HRHRLS90051720H100,635,1
34861,564,ZRORIS72083020M900,637,2
744,578,HRHRNL96052720M900,637,1
742,578,HRHRRL92042320H000,638,1
34014,579,SNGRSX9506102H000,642,2
34871,564,ZVVCMR62010520M600,647,2
34902,564,ZVZVSS59122620H700,649,2
3485,567,VSBZSL88122420M500,682,1